{
  "nbformat": 4,
  "nbformat_minor": 0,
  "metadata": {
    "colab": {
      "provenance": [],
      "gpuType": "T4"
    },
    "kernelspec": {
      "name": "python3",
      "display_name": "Python 3"
    },
    "language_info": {
      "name": "python"
    },
    "accelerator": "GPU"
  },
  "cells": [
    {
      "cell_type": "markdown",
      "source": [
        "# **1. Perkenalan Dataset**\n"
      ],
      "metadata": {
        "id": "kZLRMFl0JyyQ"
      }
    },
    {
      "cell_type": "markdown",
      "source": [
        "Tahap pertama, Anda harus mencari dan menggunakan dataset dengan ketentuan sebagai berikut:\n",
        "\n",
        "1. **Sumber Dataset**:  \n",
        "   Dataset dapat diperoleh dari berbagai sumber, seperti public repositories (*Kaggle*, *UCI ML Repository*, *Open Data*) atau data primer yang Anda kumpulkan sendiri.\n"
      ],
      "metadata": {
        "id": "hssSDn-5n3HR"
      }
    },
    {
      "cell_type": "markdown",
      "source": [
        "# **2. Import Library**"
      ],
      "metadata": {
        "id": "fKADPWcFKlj3"
      }
    },
    {
      "cell_type": "markdown",
      "source": [
        "Pada tahap ini, Anda perlu mengimpor beberapa pustaka (library) Python yang dibutuhkan untuk analisis data dan pembangunan model machine learning atau deep learning."
      ],
      "metadata": {
        "id": "LgA3ERnVn84N"
      }
    },
    {
      "cell_type": "code",
      "source": [
        "#Type your code here\n",
        "import pandas as pd\n",
        "import matplotlib.pyplot as plt\n",
        "import seaborn as sns\n",
        "import numpy as np\n",
        "import sys\n",
        "import logging\n",
        "from pathlib import Path\n",
        "from typing import Optional, List"
      ],
      "metadata": {
        "id": "BlmvjLY9M4Yj"
      },
      "execution_count": 1,
      "outputs": []
    },
    {
      "cell_type": "markdown",
      "source": [
        "# **3. Memuat Dataset**"
      ],
      "metadata": {
        "id": "f3YIEnAFKrKL"
      }
    },
    {
      "cell_type": "markdown",
      "source": [
        "Pada tahap ini, Anda perlu memuat dataset ke dalam notebook. Jika dataset dalam format CSV, Anda bisa menggunakan pustaka pandas untuk membacanya. Pastikan untuk mengecek beberapa baris awal dataset untuk memahami strukturnya dan memastikan data telah dimuat dengan benar.\n",
        "\n",
        "Jika dataset berada di Google Drive, pastikan Anda menghubungkan Google Drive ke Colab terlebih dahulu. Setelah dataset berhasil dimuat, langkah berikutnya adalah memeriksa kesesuaian data dan siap untuk dianalisis lebih lanjut.\n",
        "\n",
        "Jika dataset berupa unstructured data, silakan sesuaikan dengan format seperti kelas Machine Learning Pengembangan atau Machine Learning Terapan"
      ],
      "metadata": {
        "id": "Ey3ItwTen_7E"
      }
    },
    {
      "cell_type": "code",
      "source": [
        "#Type your code here\n",
        "DATA_SOURCE_URL = \"https://docs.google.com/spreadsheets/d/1tovcDh4h56V03CA5VaCSsVKqZb2QGjZ3/export?format=csv\"\n",
        "data = pd.read_csv(DATA_SOURCE_URL)\n",
        "# Clean column names by stripping whitespace\n",
        "data.columns = data.columns.str.strip()\n",
        "data.head()"
      ],
      "metadata": {
        "id": "GHCGNTyrM5fS",
        "colab": {
          "base_uri": "https://localhost:8080/",
          "height": 255
        },
        "outputId": "a493969d-25d8-4704-ddfa-ab360545d1be"
      },
      "execution_count": 86,
      "outputs": [
        {
          "output_type": "execute_result",
          "data": {
            "text/plain": [
              "   ID  LIMIT_BAL SEX   EDUCATION MARRIAGE  AGE  PAY_0  PAY_2  PAY_3  PAY_4  \\\n",
              "0   1      20000   F  University  Married   24      2      2     -1     -1   \n",
              "1   2     120000   F  University   Single   26     -1      2      0      0   \n",
              "2   3      90000   F  University   Single   34      0      0      0      0   \n",
              "3   4      50000   F  University  Married   37      0      0      0      0   \n",
              "4   5      50000   M  University  Married   57     -1      0     -1      0   \n",
              "\n",
              "   ...  BILL_AMT4  BILL_AMT5  BILL_AMT6  PAY_AMT1  PAY_AMT2  PAY_AMT3  \\\n",
              "0  ...          0          0          0         0       689         0   \n",
              "1  ...       3272       3455       3261         0      1000      1000   \n",
              "2  ...      14331      14948      15549      1518      1500      1000   \n",
              "3  ...      28314      28959      29547      2000      2019      1200   \n",
              "4  ...      20940      19146      19131      2000     36681     10000   \n",
              "\n",
              "   PAY_AMT4  PAY_AMT5  PAY_AMT6  default  \n",
              "0         0         0         0        Y  \n",
              "1      1000         0      2000        Y  \n",
              "2      1000      1000      5000        N  \n",
              "3      1100      1069      1000        N  \n",
              "4      9000       689       679        N  \n",
              "\n",
              "[5 rows x 25 columns]"
            ],
            "text/html": [
              "\n",
              "  <div id=\"df-0bae3588-b2b5-4a6e-85fd-0a7133d8edb3\" class=\"colab-df-container\">\n",
              "    <div>\n",
              "<style scoped>\n",
              "    .dataframe tbody tr th:only-of-type {\n",
              "        vertical-align: middle;\n",
              "    }\n",
              "\n",
              "    .dataframe tbody tr th {\n",
              "        vertical-align: top;\n",
              "    }\n",
              "\n",
              "    .dataframe thead th {\n",
              "        text-align: right;\n",
              "    }\n",
              "</style>\n",
              "<table border=\"1\" class=\"dataframe\">\n",
              "  <thead>\n",
              "    <tr style=\"text-align: right;\">\n",
              "      <th></th>\n",
              "      <th>ID</th>\n",
              "      <th>LIMIT_BAL</th>\n",
              "      <th>SEX</th>\n",
              "      <th>EDUCATION</th>\n",
              "      <th>MARRIAGE</th>\n",
              "      <th>AGE</th>\n",
              "      <th>PAY_0</th>\n",
              "      <th>PAY_2</th>\n",
              "      <th>PAY_3</th>\n",
              "      <th>PAY_4</th>\n",
              "      <th>...</th>\n",
              "      <th>BILL_AMT4</th>\n",
              "      <th>BILL_AMT5</th>\n",
              "      <th>BILL_AMT6</th>\n",
              "      <th>PAY_AMT1</th>\n",
              "      <th>PAY_AMT2</th>\n",
              "      <th>PAY_AMT3</th>\n",
              "      <th>PAY_AMT4</th>\n",
              "      <th>PAY_AMT5</th>\n",
              "      <th>PAY_AMT6</th>\n",
              "      <th>default</th>\n",
              "    </tr>\n",
              "  </thead>\n",
              "  <tbody>\n",
              "    <tr>\n",
              "      <th>0</th>\n",
              "      <td>1</td>\n",
              "      <td>20000</td>\n",
              "      <td>F</td>\n",
              "      <td>University</td>\n",
              "      <td>Married</td>\n",
              "      <td>24</td>\n",
              "      <td>2</td>\n",
              "      <td>2</td>\n",
              "      <td>-1</td>\n",
              "      <td>-1</td>\n",
              "      <td>...</td>\n",
              "      <td>0</td>\n",
              "      <td>0</td>\n",
              "      <td>0</td>\n",
              "      <td>0</td>\n",
              "      <td>689</td>\n",
              "      <td>0</td>\n",
              "      <td>0</td>\n",
              "      <td>0</td>\n",
              "      <td>0</td>\n",
              "      <td>Y</td>\n",
              "    </tr>\n",
              "    <tr>\n",
              "      <th>1</th>\n",
              "      <td>2</td>\n",
              "      <td>120000</td>\n",
              "      <td>F</td>\n",
              "      <td>University</td>\n",
              "      <td>Single</td>\n",
              "      <td>26</td>\n",
              "      <td>-1</td>\n",
              "      <td>2</td>\n",
              "      <td>0</td>\n",
              "      <td>0</td>\n",
              "      <td>...</td>\n",
              "      <td>3272</td>\n",
              "      <td>3455</td>\n",
              "      <td>3261</td>\n",
              "      <td>0</td>\n",
              "      <td>1000</td>\n",
              "      <td>1000</td>\n",
              "      <td>1000</td>\n",
              "      <td>0</td>\n",
              "      <td>2000</td>\n",
              "      <td>Y</td>\n",
              "    </tr>\n",
              "    <tr>\n",
              "      <th>2</th>\n",
              "      <td>3</td>\n",
              "      <td>90000</td>\n",
              "      <td>F</td>\n",
              "      <td>University</td>\n",
              "      <td>Single</td>\n",
              "      <td>34</td>\n",
              "      <td>0</td>\n",
              "      <td>0</td>\n",
              "      <td>0</td>\n",
              "      <td>0</td>\n",
              "      <td>...</td>\n",
              "      <td>14331</td>\n",
              "      <td>14948</td>\n",
              "      <td>15549</td>\n",
              "      <td>1518</td>\n",
              "      <td>1500</td>\n",
              "      <td>1000</td>\n",
              "      <td>1000</td>\n",
              "      <td>1000</td>\n",
              "      <td>5000</td>\n",
              "      <td>N</td>\n",
              "    </tr>\n",
              "    <tr>\n",
              "      <th>3</th>\n",
              "      <td>4</td>\n",
              "      <td>50000</td>\n",
              "      <td>F</td>\n",
              "      <td>University</td>\n",
              "      <td>Married</td>\n",
              "      <td>37</td>\n",
              "      <td>0</td>\n",
              "      <td>0</td>\n",
              "      <td>0</td>\n",
              "      <td>0</td>\n",
              "      <td>...</td>\n",
              "      <td>28314</td>\n",
              "      <td>28959</td>\n",
              "      <td>29547</td>\n",
              "      <td>2000</td>\n",
              "      <td>2019</td>\n",
              "      <td>1200</td>\n",
              "      <td>1100</td>\n",
              "      <td>1069</td>\n",
              "      <td>1000</td>\n",
              "      <td>N</td>\n",
              "    </tr>\n",
              "    <tr>\n",
              "      <th>4</th>\n",
              "      <td>5</td>\n",
              "      <td>50000</td>\n",
              "      <td>M</td>\n",
              "      <td>University</td>\n",
              "      <td>Married</td>\n",
              "      <td>57</td>\n",
              "      <td>-1</td>\n",
              "      <td>0</td>\n",
              "      <td>-1</td>\n",
              "      <td>0</td>\n",
              "      <td>...</td>\n",
              "      <td>20940</td>\n",
              "      <td>19146</td>\n",
              "      <td>19131</td>\n",
              "      <td>2000</td>\n",
              "      <td>36681</td>\n",
              "      <td>10000</td>\n",
              "      <td>9000</td>\n",
              "      <td>689</td>\n",
              "      <td>679</td>\n",
              "      <td>N</td>\n",
              "    </tr>\n",
              "  </tbody>\n",
              "</table>\n",
              "<p>5 rows × 25 columns</p>\n",
              "</div>\n",
              "    <div class=\"colab-df-buttons\">\n",
              "\n",
              "  <div class=\"colab-df-container\">\n",
              "    <button class=\"colab-df-convert\" onclick=\"convertToInteractive('df-0bae3588-b2b5-4a6e-85fd-0a7133d8edb3')\"\n",
              "            title=\"Convert this dataframe to an interactive table.\"\n",
              "            style=\"display:none;\">\n",
              "\n",
              "  <svg xmlns=\"http://www.w3.org/2000/svg\" height=\"24px\" viewBox=\"0 -960 960 960\">\n",
              "    <path d=\"M120-120v-720h720v720H120Zm60-500h600v-160H180v160Zm220 220h160v-160H400v160Zm0 220h160v-160H400v160ZM180-400h160v-160H180v160Zm440 0h160v-160H620v160ZM180-180h160v-160H180v160Zm440 0h160v-160H620v160Z\"/>\n",
              "  </svg>\n",
              "    </button>\n",
              "\n",
              "  <style>\n",
              "    .colab-df-container {\n",
              "      display:flex;\n",
              "      gap: 12px;\n",
              "    }\n",
              "\n",
              "    .colab-df-convert {\n",
              "      background-color: #E8F0FE;\n",
              "      border: none;\n",
              "      border-radius: 50%;\n",
              "      cursor: pointer;\n",
              "      display: none;\n",
              "      fill: #1967D2;\n",
              "      height: 32px;\n",
              "      padding: 0 0 0 0;\n",
              "      width: 32px;\n",
              "    }\n",
              "\n",
              "    .colab-df-convert:hover {\n",
              "      background-color: #E2EBFA;\n",
              "      box-shadow: 0px 1px 2px rgba(60, 64, 67, 0.3), 0px 1px 3px 1px rgba(60, 64, 67, 0.15);\n",
              "      fill: #174EA6;\n",
              "    }\n",
              "\n",
              "    .colab-df-buttons div {\n",
              "      margin-bottom: 4px;\n",
              "    }\n",
              "\n",
              "    [theme=dark] .colab-df-convert {\n",
              "      background-color: #3B4455;\n",
              "      fill: #D2E3FC;\n",
              "    }\n",
              "\n",
              "    [theme=dark] .colab-df-convert:hover {\n",
              "      background-color: #434B5C;\n",
              "      box-shadow: 0px 1px 3px 1px rgba(0, 0, 0, 0.15);\n",
              "      filter: drop-shadow(0px 1px 2px rgba(0, 0, 0, 0.3));\n",
              "      fill: #FFFFFF;\n",
              "    }\n",
              "  </style>\n",
              "\n",
              "    <script>\n",
              "      const buttonEl =\n",
              "        document.querySelector('#df-0bae3588-b2b5-4a6e-85fd-0a7133d8edb3 button.colab-df-convert');\n",
              "      buttonEl.style.display =\n",
              "        google.colab.kernel.accessAllowed ? 'block' : 'none';\n",
              "\n",
              "      async function convertToInteractive(key) {\n",
              "        const element = document.querySelector('#df-0bae3588-b2b5-4a6e-85fd-0a7133d8edb3');\n",
              "        const dataTable =\n",
              "          await google.colab.kernel.invokeFunction('convertToInteractive',\n",
              "                                                    [key], {});\n",
              "        if (!dataTable) return;\n",
              "\n",
              "        const docLinkHtml = 'Like what you see? Visit the ' +\n",
              "          '<a target=\"_blank\" href=https://colab.research.google.com/notebooks/data_table.ipynb>data table notebook</a>'\n",
              "          + ' to learn more about interactive tables.';\n",
              "        element.innerHTML = '';\n",
              "        dataTable['output_type'] = 'display_data';\n",
              "        await google.colab.output.renderOutput(dataTable, element);\n",
              "        const docLink = document.createElement('div');\n",
              "        docLink.innerHTML = docLinkHtml;\n",
              "        element.appendChild(docLink);\n",
              "      }\n",
              "    </script>\n",
              "  </div>\n",
              "\n",
              "\n",
              "    <div id=\"df-648347c8-8d8f-4ebb-b2c2-be2735dceaa2\">\n",
              "      <button class=\"colab-df-quickchart\" onclick=\"quickchart('df-648347c8-8d8f-4ebb-b2c2-be2735dceaa2')\"\n",
              "                title=\"Suggest charts\"\n",
              "                style=\"display:none;\">\n",
              "\n",
              "<svg xmlns=\"http://www.w3.org/2000/svg\" height=\"24px\"viewBox=\"0 0 24 24\"\n",
              "     width=\"24px\">\n",
              "    <g>\n",
              "        <path d=\"M19 3H5c-1.1 0-2 .9-2 2v14c0 1.1.9 2 2 2h14c1.1 0 2-.9 2-2V5c0-1.1-.9-2-2-2zM9 17H7v-7h2v7zm4 0h-2V7h2v10zm4 0h-2v-4h2v4z\"/>\n",
              "    </g>\n",
              "</svg>\n",
              "      </button>\n",
              "\n",
              "<style>\n",
              "  .colab-df-quickchart {\n",
              "      --bg-color: #E8F0FE;\n",
              "      --fill-color: #1967D2;\n",
              "      --hover-bg-color: #E2EBFA;\n",
              "      --hover-fill-color: #174EA6;\n",
              "      --disabled-fill-color: #AAA;\n",
              "      --disabled-bg-color: #DDD;\n",
              "  }\n",
              "\n",
              "  [theme=dark] .colab-df-quickchart {\n",
              "      --bg-color: #3B4455;\n",
              "      --fill-color: #D2E3FC;\n",
              "      --hover-bg-color: #434B5C;\n",
              "      --hover-fill-color: #FFFFFF;\n",
              "      --disabled-bg-color: #3B4455;\n",
              "      --disabled-fill-color: #666;\n",
              "  }\n",
              "\n",
              "  .colab-df-quickchart {\n",
              "    background-color: var(--bg-color);\n",
              "    border: none;\n",
              "    border-radius: 50%;\n",
              "    cursor: pointer;\n",
              "    display: none;\n",
              "    fill: var(--fill-color);\n",
              "    height: 32px;\n",
              "    padding: 0;\n",
              "    width: 32px;\n",
              "  }\n",
              "\n",
              "  .colab-df-quickchart:hover {\n",
              "    background-color: var(--hover-bg-color);\n",
              "    box-shadow: 0 1px 2px rgba(60, 64, 67, 0.3), 0 1px 3px 1px rgba(60, 64, 67, 0.15);\n",
              "    fill: var(--button-hover-fill-color);\n",
              "  }\n",
              "\n",
              "  .colab-df-quickchart-complete:disabled,\n",
              "  .colab-df-quickchart-complete:disabled:hover {\n",
              "    background-color: var(--disabled-bg-color);\n",
              "    fill: var(--disabled-fill-color);\n",
              "    box-shadow: none;\n",
              "  }\n",
              "\n",
              "  .colab-df-spinner {\n",
              "    border: 2px solid var(--fill-color);\n",
              "    border-color: transparent;\n",
              "    border-bottom-color: var(--fill-color);\n",
              "    animation:\n",
              "      spin 1s steps(1) infinite;\n",
              "  }\n",
              "\n",
              "  @keyframes spin {\n",
              "    0% {\n",
              "      border-color: transparent;\n",
              "      border-bottom-color: var(--fill-color);\n",
              "      border-left-color: var(--fill-color);\n",
              "    }\n",
              "    20% {\n",
              "      border-color: transparent;\n",
              "      border-left-color: var(--fill-color);\n",
              "      border-top-color: var(--fill-color);\n",
              "    }\n",
              "    30% {\n",
              "      border-color: transparent;\n",
              "      border-left-color: var(--fill-color);\n",
              "      border-top-color: var(--fill-color);\n",
              "      border-right-color: var(--fill-color);\n",
              "    }\n",
              "    40% {\n",
              "      border-color: transparent;\n",
              "      border-right-color: var(--fill-color);\n",
              "      border-top-color: var(--fill-color);\n",
              "    }\n",
              "    60% {\n",
              "      border-color: transparent;\n",
              "      border-right-color: var(--fill-color);\n",
              "    }\n",
              "    80% {\n",
              "      border-color: transparent;\n",
              "      border-right-color: var(--fill-color);\n",
              "      border-bottom-color: var(--fill-color);\n",
              "    }\n",
              "    90% {\n",
              "      border-color: transparent;\n",
              "      border-bottom-color: var(--fill-color);\n",
              "    }\n",
              "  }\n",
              "</style>\n",
              "\n",
              "      <script>\n",
              "        async function quickchart(key) {\n",
              "          const quickchartButtonEl =\n",
              "            document.querySelector('#' + key + ' button');\n",
              "          quickchartButtonEl.disabled = true;  // To prevent multiple clicks.\n",
              "          quickchartButtonEl.classList.add('colab-df-spinner');\n",
              "          try {\n",
              "            const charts = await google.colab.kernel.invokeFunction(\n",
              "                'suggestCharts', [key], {});\n",
              "          } catch (error) {\n",
              "            console.error('Error during call to suggestCharts:', error);\n",
              "          }\n",
              "          quickchartButtonEl.classList.remove('colab-df-spinner');\n",
              "          quickchartButtonEl.classList.add('colab-df-quickchart-complete');\n",
              "        }\n",
              "        (() => {\n",
              "          let quickchartButtonEl =\n",
              "            document.querySelector('#df-648347c8-8d8f-4ebb-b2c2-be2735dceaa2 button');\n",
              "          quickchartButtonEl.style.display =\n",
              "            google.colab.kernel.accessAllowed ? 'block' : 'none';\n",
              "        })();\n",
              "      </script>\n",
              "    </div>\n",
              "\n",
              "    </div>\n",
              "  </div>\n"
            ],
            "application/vnd.google.colaboratory.intrinsic+json": {
              "type": "dataframe",
              "variable_name": "data"
            }
          },
          "metadata": {},
          "execution_count": 86
        }
      ]
    },
    {
      "cell_type": "markdown",
      "source": [
        "# **4. Exploratory Data Analysis (EDA)**\n",
        "\n",
        "Pada tahap ini, Anda akan melakukan **Exploratory Data Analysis (EDA)** untuk memahami karakteristik dataset.\n",
        "\n",
        "Tujuan dari EDA adalah untuk memperoleh wawasan awal yang mendalam mengenai data dan menentukan langkah selanjutnya dalam analisis atau pemodelan."
      ],
      "metadata": {
        "id": "bgZkbJLpK9UR"
      }
    },
    {
      "cell_type": "code",
      "source": [
        "for col in data.select_dtypes(include=\"object\").columns:\n",
        "        print(f\"\\n--- {col} ---\")\n",
        "        print(data[col].value_counts().to_string())"
      ],
      "metadata": {
        "colab": {
          "base_uri": "https://localhost:8080/"
        },
        "id": "lChoB-znwDDk",
        "outputId": "98e27f2a-5c83-44f1-c0f7-b94d1a7d64c5"
      },
      "execution_count": 41,
      "outputs": [
        {
          "output_type": "stream",
          "name": "stdout",
          "text": [
            "\n",
            "--- SEX ---\n",
            "SEX\n",
            "F    18112\n",
            "M    11888\n",
            "\n",
            "--- EDUCATION ---\n",
            "EDUCATION\n",
            "University         14030\n",
            "Graduate school    10585\n",
            "High School         4917\n",
            "Unknown              331\n",
            "Others               123\n",
            "0                     14\n",
            "\n",
            "--- MARRIAGE ---\n",
            "MARRIAGE\n",
            "Single     15964\n",
            "Married    13659\n",
            "Other        323\n",
            "0             54\n",
            "\n",
            "--- default ---\n",
            "default\n",
            "N    23364\n",
            "Y     6636\n"
          ]
        }
      ]
    },
    {
      "cell_type": "code",
      "source": [
        "print(\"=== DATASET OVERVIEW (INFO) ===\")\n",
        "data.info()\n",
        "\n",
        "print(\"\\n\\n=== MISSING VALUES (ISNA) ===\")\n",
        "print(data.isna().sum().to_string())\n",
        "\n",
        "print(\"\\n\\n=== NUMERICAL SUMMARY (DESCRIBE) ===\")\n",
        "print(data.describe().to_string())\n",
        "\n",
        "print(\"\\n\\n=== VALUE COUNTS (CATEGORICAL) ===\")\n",
        "# Kolom kategorikal yang relevan\n",
        "cat_cols = ['SEX', 'EDUCATION', 'MARRIAGE', 'default'] # 'Label' was not in the dataset\n",
        "for col in data[cat_cols]:\n",
        "        print(f\"\\n--- {col} ---\")\n",
        "        print(data[col].value_counts().to_string())\n",
        "\n",
        "print(\"\\n\\n=== CORRELATION MATRIX (NUMERICAL) ===\")\n",
        "numeric_df = data.select_dtypes(include=['number'])\n",
        "print(numeric_df.corr().to_string())"
      ],
      "metadata": {
        "id": "dKeejtvxM6X1",
        "colab": {
          "base_uri": "https://localhost:8080/"
        },
        "outputId": "2c811c18-e2b3-4ec9-de33-80bdb0833b71"
      },
      "execution_count": 43,
      "outputs": [
        {
          "output_type": "stream",
          "name": "stdout",
          "text": [
            "=== DATASET OVERVIEW (INFO) ===\n",
            "<class 'pandas.core.frame.DataFrame'>\n",
            "RangeIndex: 30000 entries, 0 to 29999\n",
            "Data columns (total 25 columns):\n",
            " #   Column     Non-Null Count  Dtype \n",
            "---  ------     --------------  ----- \n",
            " 0   ID         30000 non-null  int64 \n",
            " 1   LIMIT_BAL  30000 non-null  int64 \n",
            " 2   SEX        30000 non-null  object\n",
            " 3   EDUCATION  30000 non-null  object\n",
            " 4   MARRIAGE   30000 non-null  object\n",
            " 5   AGE        30000 non-null  int64 \n",
            " 6   PAY_0      30000 non-null  int64 \n",
            " 7   PAY_2      30000 non-null  int64 \n",
            " 8   PAY_3      30000 non-null  int64 \n",
            " 9   PAY_4      30000 non-null  int64 \n",
            " 10  PAY_5      30000 non-null  int64 \n",
            " 11  PAY_6      30000 non-null  int64 \n",
            " 12  BILL_AMT1  30000 non-null  int64 \n",
            " 13  BILL_AMT2  30000 non-null  int64 \n",
            " 14  BILL_AMT3  30000 non-null  int64 \n",
            " 15  BILL_AMT4  30000 non-null  int64 \n",
            " 16  BILL_AMT5  30000 non-null  int64 \n",
            " 17  BILL_AMT6  30000 non-null  int64 \n",
            " 18  PAY_AMT1   30000 non-null  int64 \n",
            " 19  PAY_AMT2   30000 non-null  int64 \n",
            " 20  PAY_AMT3   30000 non-null  int64 \n",
            " 21  PAY_AMT4   30000 non-null  int64 \n",
            " 22  PAY_AMT5   30000 non-null  int64 \n",
            " 23  PAY_AMT6   30000 non-null  int64 \n",
            " 24  default    30000 non-null  object\n",
            "dtypes: int64(21), object(4)\n",
            "memory usage: 5.7+ MB\n",
            "\n",
            "\n",
            "=== MISSING VALUES (ISNA) ===\n",
            "ID           0\n",
            "LIMIT_BAL    0\n",
            "SEX          0\n",
            "EDUCATION    0\n",
            "MARRIAGE     0\n",
            "AGE          0\n",
            "PAY_0        0\n",
            "PAY_2        0\n",
            "PAY_3        0\n",
            "PAY_4        0\n",
            "PAY_5        0\n",
            "PAY_6        0\n",
            "BILL_AMT1    0\n",
            "BILL_AMT2    0\n",
            "BILL_AMT3    0\n",
            "BILL_AMT4    0\n",
            "BILL_AMT5    0\n",
            "BILL_AMT6    0\n",
            "PAY_AMT1     0\n",
            "PAY_AMT2     0\n",
            "PAY_AMT3     0\n",
            "PAY_AMT4     0\n",
            "PAY_AMT5     0\n",
            "PAY_AMT6     0\n",
            "default      0\n",
            "\n",
            "\n",
            "=== NUMERICAL SUMMARY (DESCRIBE) ===\n",
            "                 ID       LIMIT_BAL           AGE         PAY_0         PAY_2         PAY_3         PAY_4         PAY_5         PAY_6      BILL_AMT1      BILL_AMT2     BILL_AMT3      BILL_AMT4      BILL_AMT5      BILL_AMT6       PAY_AMT1      PAY_AMT2      PAY_AMT3       PAY_AMT4       PAY_AMT5       PAY_AMT6\n",
            "count  30000.000000    30000.000000  30000.000000  30000.000000  30000.000000  30000.000000  30000.000000  30000.000000  30000.000000   30000.000000   30000.000000  3.000000e+04   30000.000000   30000.000000   30000.000000   30000.000000  3.000000e+04   30000.00000   30000.000000   30000.000000   30000.000000\n",
            "mean   15000.500000   167484.322667     35.485500     -0.016700     -0.133767     -0.166200     -0.220667     -0.266200     -0.291100   51223.330900   49179.075167  4.701315e+04   43262.948967   40311.400967   38871.760400    5663.580500  5.921163e+03    5225.68150    4826.076867    4799.387633    5215.502567\n",
            "std     8660.398374   129747.661567      9.217904      1.123802      1.197186      1.196868      1.169139      1.133187      1.149988   73635.860576   71173.768783  6.934939e+04   64332.856134   60797.155770   59554.107537   16563.280354  2.304087e+04   17606.96147   15666.159744   15278.305679   17777.465775\n",
            "min        1.000000    10000.000000     21.000000     -2.000000     -2.000000     -2.000000     -2.000000     -2.000000     -2.000000 -165580.000000  -69777.000000 -1.572640e+05 -170000.000000  -81334.000000 -339603.000000       0.000000  0.000000e+00       0.00000       0.000000       0.000000       0.000000\n",
            "25%     7500.750000    50000.000000     28.000000     -1.000000     -1.000000     -1.000000     -1.000000     -1.000000     -1.000000    3558.750000    2984.750000  2.666250e+03    2326.750000    1763.000000    1256.000000    1000.000000  8.330000e+02     390.00000     296.000000     252.500000     117.750000\n",
            "50%    15000.500000   140000.000000     34.000000      0.000000      0.000000      0.000000      0.000000      0.000000      0.000000   22381.500000   21200.000000  2.008850e+04   19052.000000   18104.500000   17071.000000    2100.000000  2.009000e+03    1800.00000    1500.000000    1500.000000    1500.000000\n",
            "75%    22500.250000   240000.000000     41.000000      0.000000      0.000000      0.000000      0.000000      0.000000      0.000000   67091.000000   64006.250000  6.016475e+04   54506.000000   50190.500000   49198.250000    5006.000000  5.000000e+03    4505.00000    4013.250000    4031.500000    4000.000000\n",
            "max    30000.000000  1000000.000000     79.000000      8.000000      8.000000      8.000000      8.000000      8.000000      8.000000  964511.000000  983931.000000  1.664089e+06  891586.000000  927171.000000  961664.000000  873552.000000  1.684259e+06  896040.00000  621000.000000  426529.000000  528666.000000\n",
            "\n",
            "\n",
            "=== VALUE COUNTS (CATEGORICAL) ===\n",
            "\n",
            "--- SEX ---\n",
            "SEX\n",
            "F    18112\n",
            "M    11888\n",
            "\n",
            "--- EDUCATION ---\n",
            "EDUCATION\n",
            "University         14030\n",
            "Graduate school    10585\n",
            "High School         4917\n",
            "Unknown              331\n",
            "Others               123\n",
            "0                     14\n",
            "\n",
            "--- MARRIAGE ---\n",
            "MARRIAGE\n",
            "Single     15964\n",
            "Married    13659\n",
            "Other        323\n",
            "0             54\n",
            "\n",
            "--- default ---\n",
            "default\n",
            "N    23364\n",
            "Y     6636\n",
            "\n",
            "\n",
            "=== CORRELATION MATRIX (NUMERICAL) ===\n",
            "                 ID  LIMIT_BAL       AGE     PAY_0     PAY_2     PAY_3     PAY_4     PAY_5     PAY_6  BILL_AMT1  BILL_AMT2  BILL_AMT3  BILL_AMT4  BILL_AMT5  BILL_AMT6  PAY_AMT1  PAY_AMT2  PAY_AMT3  PAY_AMT4  PAY_AMT5  PAY_AMT6\n",
            "ID         1.000000   0.026179  0.018678 -0.030575 -0.011215 -0.018494 -0.002735 -0.022199 -0.020270   0.019389   0.017982   0.024354   0.040351   0.016705   0.016730  0.009742  0.008406  0.039151  0.007793  0.000652  0.003000\n",
            "LIMIT_BAL  0.026179   1.000000  0.144713 -0.271214 -0.296382 -0.286123 -0.267460 -0.249411 -0.235195   0.285430   0.278314   0.283236   0.293988   0.295562   0.290389  0.195236  0.178408  0.210167  0.203242  0.217202  0.219595\n",
            "AGE        0.018678   0.144713  1.000000 -0.039447 -0.050148 -0.053048 -0.049722 -0.053826 -0.048773   0.056239   0.054283   0.053710   0.051353   0.049345   0.047613  0.026147  0.021785  0.029247  0.021379  0.022850  0.019478\n",
            "PAY_0     -0.030575  -0.271214 -0.039447  1.000000  0.672164  0.574245  0.538841  0.509426  0.474553   0.187068   0.189859   0.179785   0.179125   0.180635   0.176980 -0.079269 -0.070101 -0.070561 -0.064005 -0.058190 -0.058673\n",
            "PAY_2     -0.011215  -0.296382 -0.050148  0.672164  1.000000  0.766552  0.662067  0.622780  0.575501   0.234887   0.235257   0.224146   0.222237   0.221348   0.219403 -0.080701 -0.058990 -0.055901 -0.046858 -0.037093 -0.036500\n",
            "PAY_3     -0.018494  -0.286123 -0.053048  0.574245  0.766552  1.000000  0.777359  0.686775  0.632684   0.208473   0.237295   0.227494   0.227202   0.225145   0.222327  0.001295 -0.066793 -0.053311 -0.046067 -0.035863 -0.035861\n",
            "PAY_4     -0.002735  -0.267460 -0.049722  0.538841  0.662067  0.777359  1.000000  0.819835  0.716449   0.202812   0.225816   0.244983   0.245917   0.242902   0.239154 -0.009362 -0.001944 -0.069235 -0.043461 -0.033590 -0.026565\n",
            "PAY_5     -0.022199  -0.249411 -0.053826  0.509426  0.622780  0.686775  0.819835  1.000000  0.816900   0.206684   0.226913   0.243335   0.271915   0.269783   0.262509 -0.006089 -0.003191  0.009062 -0.058299 -0.033337 -0.023027\n",
            "PAY_6     -0.020270  -0.235195 -0.048773  0.474553  0.575501  0.632684  0.716449  0.816900  1.000000   0.207373   0.226924   0.241181   0.266356   0.290894   0.285091 -0.001496 -0.005223  0.005834  0.019018 -0.046434 -0.025299\n",
            "BILL_AMT1  0.019389   0.285430  0.056239  0.187068  0.234887  0.208473  0.202812  0.206684  0.207373   1.000000   0.951484   0.892279   0.860272   0.829779   0.802650  0.140277  0.099355  0.156887  0.158303  0.167026  0.179341\n",
            "BILL_AMT2  0.017982   0.278314  0.054283  0.189859  0.235257  0.237295  0.225816  0.226913  0.226924   0.951484   1.000000   0.928326   0.892482   0.859778   0.831594  0.280365  0.100851  0.150718  0.147398  0.157957  0.174256\n",
            "BILL_AMT3  0.024354   0.283236  0.053710  0.179785  0.224146  0.227494  0.244983  0.243335  0.241181   0.892279   0.928326   1.000000   0.923969   0.883910   0.853320  0.244335  0.316936  0.130011  0.143405  0.179712  0.182326\n",
            "BILL_AMT4  0.040351   0.293988  0.051353  0.179125  0.222237  0.227202  0.245917  0.271915  0.266356   0.860272   0.892482   0.923969   1.000000   0.940134   0.900941  0.233012  0.207564  0.300023  0.130191  0.160433  0.177637\n",
            "BILL_AMT5  0.016705   0.295562  0.049345  0.180635  0.221348  0.225145  0.242902  0.269783  0.290894   0.829779   0.859778   0.883910   0.940134   1.000000   0.946197  0.217031  0.181246  0.252305  0.293118  0.141574  0.164184\n",
            "BILL_AMT6  0.016730   0.290389  0.047613  0.176980  0.219403  0.222327  0.239154  0.262509  0.285091   0.802650   0.831594   0.853320   0.900941   0.946197   1.000000  0.199965  0.172663  0.233770  0.250237  0.307729  0.115494\n",
            "PAY_AMT1   0.009742   0.195236  0.026147 -0.079269 -0.080701  0.001295 -0.009362 -0.006089 -0.001496   0.140277   0.280365   0.244335   0.233012   0.217031   0.199965  1.000000  0.285576  0.252191  0.199558  0.148459  0.185735\n",
            "PAY_AMT2   0.008406   0.178408  0.021785 -0.070101 -0.058990 -0.066793 -0.001944 -0.003191 -0.005223   0.099355   0.100851   0.316936   0.207564   0.181246   0.172663  0.285576  1.000000  0.244770  0.180107  0.180908  0.157634\n",
            "PAY_AMT3   0.039151   0.210167  0.029247 -0.070561 -0.055901 -0.053311 -0.069235  0.009062  0.005834   0.156887   0.150718   0.130011   0.300023   0.252305   0.233770  0.252191  0.244770  1.000000  0.216325  0.159214  0.162740\n",
            "PAY_AMT4   0.007793   0.203242  0.021379 -0.064005 -0.046858 -0.046067 -0.043461 -0.058299  0.019018   0.158303   0.147398   0.143405   0.130191   0.293118   0.250237  0.199558  0.180107  0.216325  1.000000  0.151830  0.157834\n",
            "PAY_AMT5   0.000652   0.217202  0.022850 -0.058190 -0.037093 -0.035863 -0.033590 -0.033337 -0.046434   0.167026   0.157957   0.179712   0.160433   0.141574   0.307729  0.148459  0.180908  0.159214  0.151830  1.000000  0.154896\n",
            "PAY_AMT6   0.003000   0.219595  0.019478 -0.058673 -0.036500 -0.035861 -0.026565 -0.023027 -0.025299   0.179341   0.174256   0.182326   0.177637   0.164184   0.115494  0.185735  0.157634  0.162740  0.157834  0.154896  1.000000\n"
          ]
        }
      ]
    },
    {
      "cell_type": "code",
      "source": [
        "# HELPER\n",
        "def _finalize_plot(path, show: bool):\n",
        "    plt.savefig(path)\n",
        "    if show:\n",
        "        plt.show()\n",
        "    else:\n",
        "        plt.close()\n"
      ],
      "metadata": {
        "id": "xNQZ7KoPq-cn"
      },
      "execution_count": 44,
      "outputs": []
    },
    {
      "cell_type": "code",
      "source": [
        "# PLOT 1 — TARGET DISTRIBUTION\n",
        "def plot_target_distribution(df_data, show: bool = False):\n",
        "    df_plot = df_data.copy()\n",
        "    df_plot['default_label'] = df_plot['default'].map({'Y': 'Churn', 'N': 'Non-Churn'})\n",
        "\n",
        "    plt.figure(figsize=(7, 5))\n",
        "    ax = sns.countplot(\n",
        "        x='default_label',\n",
        "        data=df_plot,\n",
        "        palette=AnalysisConfig.COLOR_PALETTE,\n",
        "        order=['Non-Churn', 'Churn']\n",
        "    )\n",
        "\n",
        "    plt.title('Proporsi Nasabah Churn vs Non-Churn', fontsize=14, fontweight='bold')\n",
        "    plt.xlabel('')\n",
        "    plt.ylabel('Jumlah Nasabah')\n",
        "\n",
        "    total = len(df_plot)\n",
        "    for p in ax.patches:\n",
        "        percentage = f\"{100 * p.get_height() / total:.1f}%\"\n",
        "        ax.annotate(\n",
        "            percentage,\n",
        "            (p.get_x() + p.get_width() / 2, p.get_height()),\n",
        "            ha='center',\n",
        "            va='bottom',\n",
        "            fontsize=11,\n",
        "            fontweight='bold'\n",
        "        )\n",
        "\n",
        "    _finalize_plot(AnalysisConfig.OUTPUT_DIR / '1_target_distribution.png', show)\n",
        "    logger.info(\"[Plot 1] Target distribution saved.\")\n"
      ],
      "metadata": {
        "id": "fby6JB5-tmMP"
      },
      "execution_count": 45,
      "outputs": []
    },
    {
      "cell_type": "code",
      "source": [
        "# PLOT 2 — CORRELATION RANKING\n",
        "def plot_feature_correlation_ranking(df_data, show: bool = False):\n",
        "    logger.info(\"Menghitung korelasi fitur...\")\n",
        "\n",
        "    df_plot = df_data.copy()\n",
